===========================================================================================
k = 0.10000000000000001
===========================================================================================

A
-002.00000000000000000 -001.00000000000000000  001.00000000000000000  002.00000000000000000 
 000.10000000000000000  000.00000000000000000  000.00000000000000000  000.00000000000000000 
 000.00000000000000000  000.10000000000000000  000.00000000000000000  000.00000000000000000 
 000.00000000000000000  000.00000000000000000  000.10000000000000000  000.00000000000000000 


CGS: Q, R, Q*QT - I:
-000.99875233887784464 -000.02231048188639149  000.01822400815453728  000.04079085082240087 
 000.04993761694389223 -000.44620963772781802  000.36448016309073594  000.81581701644799553 
 000.00000000000000000  000.89465032364427521  000.18224008154537404  000.40790850822401136 
 000.00000000000000000  000.00000000000000000  000.91302280854229977 -000.40790850822401025 

 002.00249843945007866  000.99875233887784464 -000.99875233887784464 -001.99750467775568929 
 000.00000000000000000  000.11177551425081842 -000.02231048188639149 -000.04462096377278299 
 000.00000000000000000  000.00000000000000000  000.10952628900876693  000.03644801630907457 
 000.00000000000000000  000.00000000000000000  000.00000000000000000  000.08158170164480041 

 000.00000000000000000  000.00000000000000054  000.00000000000000027 -000.00000000000000027 
 000.00000000000000054 -000.00000000000001598  000.00000000000000538 -000.00000000000000549 
 000.00000000000000027  000.00000000000000538  000.00000000000000932 -000.00000000000000274 
-000.00000000000000027 -000.00000000000000549 -000.00000000000000274  000.00000000000000643 


MGS: Q, R, Q*QT - I:
-000.99875233887784464 -000.02231048188639149  000.01822400815453741  000.04079085082240131 
 000.04993761694389223 -000.44620963772781802  000.36448016309073844  000.81581701644800419 
 000.00000000000000000  000.89465032364427521  000.18224008154536922  000.40790850822400209 
 000.00000000000000000  000.00000000000000000  000.91302280854229977 -000.40790850822400209 

 002.00249843945007866  000.99875233887784464 -000.99875233887784464 -001.99750467775568929 
 000.00000000000000000  000.11177551425081842 -000.02231048188639090 -000.04462096377278180 
 000.00000000000000000  000.00000000000000000  000.10952628900876693  000.03644801630907384 
 000.00000000000000000  000.00000000000000000  000.00000000000000000  000.08158170164480041 

 000.00000000000000000  000.00000000000000134  000.00000000000000000 -000.00000000000000000 
 000.00000000000000134  000.00000000000000000  000.00000000000000011 -000.00000000000000011 
 000.00000000000000000  000.00000000000000011  000.00000000000000000 -000.00000000000000005 
-000.00000000000000000 -000.00000000000000011 -000.00000000000000005 -000.00000000000000022 

A
-002.00000000000000000 -001.00000000000000000  001.00000000000000000  002.00000000000000000 
 000.10000000000000000  000.00000000000000000  000.00000000000000000  000.00000000000000000 
 000.00000000000000000  000.10000000000000000  000.00000000000000000  000.00000000000000000 
 000.00000000000000000  000.00000000000000000  000.10000000000000000  000.00000000000000000 

b
 001.00000000000000000  001.00000000000000000  001.00000000000000000  001.00000000000000000 

x (CGS)
 009.99999999999984368  010.00000000000012256  009.99999999999998046  010.49999999999991651 

x (MGS)
 010.00000000000000888  010.00000000000000000  009.99999999999999822  010.50000000000001243 

r (CGS) = 0.00000000000002017
r (MGS) = 0.00000000000000366

===========================================================================================
k = 0.00001000000000000
===========================================================================================

A
-002.00000000000000000 -001.00000000000000000  001.00000000000000000  002.00000000000000000 
 000.00001000000000000  000.00000000000000000  000.00000000000000000  000.00000000000000000 
 000.00000000000000000  000.00001000000000000  000.00000000000000000  000.00000000000000000 
 000.00000000000000000  000.00000000000000000  000.00001000000000000  000.00000000000000000 


CGS: Q, R, Q*QT - I:
-000.99999999998749999 -000.00000223606816251  000.00000182574197164  000.00000408248310733 
 000.00000499999999993 -000.44721359548989564  000.36514836410800621  000.81649655388986464 
 000.00000000000000000  000.89442719100215195  000.18257420094252835  000.40824831918095827 
 000.00000000000000000  000.00000000000000000  000.91287092917679812 -000.40824831580207560 

 002.00000000002500000  000.99999999998749999 -000.99999999998749999 -001.99999999997499999 
 000.00000000000000000  000.00001118033988747 -000.00000223606816251 -000.00000447213632503 
 000.00000000000000000  000.00000000000000000  000.00001095445115008  000.00000365148394329 
 000.00000000000000000  000.00000000000000000  000.00000000000000000  000.00000816496580920 

 000.00000000000000000  000.00000000000016553  000.00000000000008276 -000.00000000000008276 
 000.00000000000016553 -000.00000004965922228  000.00000001655307252 -000.00000001655307246 
 000.00000000000008276  000.00000001655307252  000.00000002896788031 -000.00000000827653709 
-000.00000000000008276 -000.00000001655307246 -000.00000000827653709  000.00000002069134197 


MGS: Q, R, Q*QT - I:
-000.99999999998749999 -000.00000223606816251  000.00000182574200942  000.00000408248324249 
 000.00000499999999993 -000.44721359548989564  000.36514837166341634  000.81649658092092192 
 000.00000000000000000  000.89442719100215195  000.18257418583170817  000.40824829046046096 
 000.00000000000000000  000.00000000000000000  000.91287092917679835 -000.40824829046046090 

 002.00000000002500000  000.99999999998749999 -000.99999999998749999 -001.99999999997499999 
 000.00000000000000000  000.00001118033988747 -000.00000223606797744 -000.00000447213595489 
 000.00000000000000000  000.00000000000000000  000.00001095445115008  000.00000365148371663 
 000.00000000000000000  000.00000000000000000  000.00000000000000000  000.00000816496580920 

 000.00000000000000000  000.00000000000041382  000.00000000000000000  000.00000000000000000 
 000.00000000000041382  000.00000000000000000  000.00000000000000000  000.00000000000000005 
 000.00000000000000000  000.00000000000000000  000.00000000000000000  000.00000000000000002 
 000.00000000000000000  000.00000000000000005  000.00000000000000002  000.00000000000000000 

A
-002.00000000000000000 -001.00000000000000000  001.00000000000000000  002.00000000000000000 
 000.00001000000000000  000.00000000000000000  000.00000000000000000  000.00000000000000000 
 000.00000000000000000  000.00001000000000000  000.00000000000000000  000.00000000000000000 
 000.00000000000000000  000.00000000000000000  000.00001000000000000  000.00000000000000000 

b
 001.00000000000000000  001.00000000000000000  001.00000000000000000  001.00000000000000000 

x (CGS)
 99999.995034094303264  100000.00372444986714  99999.999586164980428  100000.49710323676117 

x (MGS)
 100000.00000004140019  100000.00000000000000  100000.00000000000000  100000.50000004138564 

r (CGS) = 0.00000006221174656
r (MGS) = 0.00000000000041411

===========================================================================================
k = 0.00000000010000000
===========================================================================================

A
-002.00000000000000000 -001.00000000000000000  001.00000000000000000  002.00000000000000000 
 000.00000000010000000  000.00000000000000000  000.00000000000000000  000.00000000000000000 
 000.00000000000000000  000.00000000010000000  000.00000000000000000  000.00000000000000000 
 000.00000000000000000  000.00000000000000000  000.00000000010000000  000.00000000000000000 


CGS: Q, R, Q*QT - I:
-001.00000000000000000  000.00000000000000000  000.00000000000000000  000.00000000000000000 
 000.00000000005000000 -000.44721359549995792  000.44721359549995792  001.00000000000000000 
 000.00000000000000000  000.89442719099991585  000.00000000000000000  000.00000000000000000 
 000.00000000000000000  000.00000000000000000  000.89442719099991585  000.00000000000000000 

 002.00000000000000000  001.00000000000000000 -001.00000000000000000 -002.00000000000000000 
 000.00000000000000000  000.00000000011180339  000.00000000000000000  000.00000000000000000 
 000.00000000000000000  000.00000000000000000  000.00000000011180339  000.00000000000000000 
 000.00000000000000000  000.00000000000000000  000.00000000000000000  000.00000000010000000 

 000.00000000000000000 -000.00000000005000000  000.00000000000000000  000.00000000000000000 
-000.00000000005000000  000.39999999999999991 -000.39999999999999996  000.39999999999999996 
 000.00000000000000000 -000.39999999999999996 -000.20000000000000006  000.00000000000000000 
 000.00000000000000000  000.39999999999999996  000.00000000000000000 -000.20000000000000006 


MGS: Q, R, Q*QT - I:
-001.00000000000000000  000.00000000000000000  000.00000000000000000  000.00000000000000000 
 000.00000000005000000 -000.44721359549995792  000.36514837167011077  000.81649658092772603 
 000.00000000000000000  000.89442719099991585  000.18257418583505535  000.40824829046386296 
 000.00000000000000000  000.00000000000000000  000.91287092917527690 -000.40824829046386312 

 002.00000000000000000  001.00000000000000000 -001.00000000000000000 -002.00000000000000000 
 000.00000000000000000  000.00000000011180339 -000.00000000002236067 -000.00000000004472135 
 000.00000000000000000  000.00000000000000000  000.00000000010954451  000.00000000003651483 
 000.00000000000000000  000.00000000000000000  000.00000000000000000  000.00000000008164965 

 000.00000000000000000 -000.00000000005000000  000.00000000000000000  000.00000000000000000 
-000.00000000005000000  000.00000000000000000  000.00000000000000000 -000.00000000000000005 
 000.00000000000000000  000.00000000000000000 -000.00000000000000011 -000.00000000000000002 
 000.00000000000000000 -000.00000000000000005 -000.00000000000000002  000.00000000000000022 

A
-002.00000000000000000 -001.00000000000000000  001.00000000000000000  002.00000000000000000 
 000.00000000010000000  000.00000000000000000  000.00000000000000000  000.00000000000000000 
 000.00000000000000000  000.00000000010000000  000.00000000000000000  000.00000000000000000 
 000.00000000000000000  000.00000000000000000  000.00000000010000000  000.00000000000000000 

b
 001.00000000000000000  001.00000000000000000  001.00000000000000000  001.00000000000000000 

x (CGS)
 13999999999.500000000  3999999999.9999995231  12000000000.000000000  10000000000.000000000 

x (MGS)
 9999999999.4999961853  9999999999.9999980926  9999999999.9999980926  9999999999.9999980926 

r (CGS) = 0.74833147732806238
r (MGS) = 0.00000381469726595

